----5 3 7 : 40  -----
2520 1786 St_b001 19
15470 12952 St_b001 15
3120 2588 St_b001 35
26920 22057 St_b001 11
2310 1853 St_b001 15
2280 1912 St_b001 27
1530 1253 St_b001 23
2250 1888 St_b001 10
11040 8580 St_b001 17
10210 8545 St_b001 5
16480 13801 St_b001 15
650 500 St_b001 35
3460 2862 St_b001 34
8240 6886 St_b001 29
2280 1896 St_b001 34
4560 3544 St_b001 28
5600 4613 St_b001 24
5530 4598 St_b001 35
13620 11456 St_b001 16
2920 2428 St_b001 29
11910 9724 St_b001 14
9830 8167 St_b001 9
4770 3938 St_b001 5
3700 3097 St_b001 37
2320 1958 St_b001 11
4870 4061 St_b001 6
3820 3133 St_b001 26
7640 6410 St_b001 5
8340 7049 St_b001 31
10950 9182 St_b001 33
4530 3702 St_b001 9
4630 3851 St_b001 14
970 815 St_b001 26
6760 5715 St_b001 11
12730 10556 St_b001 0
----END-----
   
----8 4 7 : 40  -----
2260 458 St_b001 9
11870 2207 St_b001 31
11720 2182 St_b001 15
4940 940 St_b001 12
8560 1590 St_b001 9
9750 1809 St_b001 22
9600 1778 St_b001 6
18540 3417 St_b001 10
5160 1003 St_b001 15
13240 2405 St_b001 10
18910 3531 St_b001 10
6470 1227 St_b001 5
8740 1518 St_b001 6
5700 1094 St_b001 33
12440 2317 St_b001 21
10610 2011 St_b001 0
3120 602 St_b001 27
4960 946 St_b001 6
20120 3463 St_b001 27
10600 1992 St_b001 27
820 182 St_b001 32
8390 1594 St_b001 5
13800 2590 St_b001 5
9450 1789 St_b001 21
11600 2152 St_b001 39
12020 2245 St_b001 20
9300 1761 St_b001 8
5230 992 St_b001 37
16170 2981 St_b001 10
7240 1361 St_b001 33
8720 1648 St_b001 11
8900 1697 St_b001 30
12600 2350 St_b001 21
13330 2307 St_b001 18
3460 685 St_b001 20
----END-----
   
----9 4 8 : 40  -----
93850 9937 St_b001 1
42250 4448 St_b001 4
23000 2472 St_b001 30
38740 4139 St_b001 34
69290 7359 St_b001 30
17390 1873 St_b001 9
84610 8008 St_b001 11
31370 3335 St_b001 5
47360 4608 St_b001 33
51790 5510 St_b001 32
24640 2463 St_b001 22
15890 1735 St_b001 1
33580 3591 St_b001 0
8940 1026 St_b001 25
40540 4271 St_b001 0
23360 2513 St_b001 16
14060 1544 St_b001 31
8800 983 St_b001 24
20640 2210 St_b001 24
19410 2101 St_b001 23
64720 6871 St_b001 24
28890 3115 St_b001 32
25800 2753 St_b001 13
75550 7900 St_b001 4
35650 3784 St_b001 38
11670 1305 St_b001 14
13120 1443 St_b001 37
50900 5491 St_b001 29
73170 7811 St_b001 11
65500 6975 St_b001 22
8110 930 St_b001 19
12320 1359 St_b001 33
14830 1619 St_b001 12
14680 1610 St_b001 31
40020 4189 St_b001 39
----END-----
   
