----5 3 7 - 40  -----
79110 63776 St_b001 25
59580 48667 St_b001 26
31890 26177 St_b001 23
20240 16012 St_b001 17
7260 5969 St_b001 23
51610 42271 St_b001 15
42370 34939 St_b001 13
90630 69663 St_b001 20
73050 58325 St_b001 5
10570 8680 St_b001 21
24330 19866 St_b001 1
113720 92634 St_b001 3
16370 13367 St_b001 21
41070 33738 St_b001 11
97100 77947 St_b001 28
27180 22423 St_b001 12
2070 1686 St_b001 22
49300 39829 St_b001 37
29860 24143 St_b001 15
173930 141114 St_b001 17
10750 8786 St_b001 22
10680 8933 St_b001 16
17570 14587 St_b001 16
104900 84935 St_b001 33
56030 42682 St_b001 4
6600 5381 St_b001 19
10010 8165 St_b001 10
28460 23282 St_b001 11
57810 47219 St_b001 10
10310 8461 St_b001 37
84910 68936 St_b001 15
17660 14564 St_b001 12
55330 44381 St_b001 0
3770 3103 St_b001 9
24090 19769 St_b001 35
----END-----
   
----8 4 6 - 40  -----
270 30 St_b001 28
360 33 St_b001 12
280 28 St_b001 32
320 33 St_b001 16
280 34 St_b001 17
550 55 St_b001 18
690 91 St_b001 29
200 37 St_b001 3
410 87 St_b001 33
130 34 St_b001 24
160 31 St_b001 34
180 35 St_b001 6
80 26 St_b001 20
140 31 St_b001 33
570 85 St_b001 6
130 33 St_b001 32
80 31 St_b001 35
100 23 St_b001 22
80 30 St_b001 33
550 136 St_b001 21
190 41 St_b001 1
420 90 St_b001 29
160 32 St_b001 17
150 31 St_b001 35
140 30 St_b001 12
390 88 St_b001 12
240 47 St_b001 30
160 34 St_b001 29
130 28 St_b001 6
130 29 St_b001 22
150 33 St_b001 34
150 30 St_b001 38
170 31 St_b001 7
200 36 St_b001 4
220 41 St_b001 8
160 31 St_b001 6
----END-----
   
----9 4 7 - 40  -----
710 46 St_b001 27
430 54 St_b001 17
470 60 St_b001 33
370 44 St_b001 4
200 42 St_b001 6
380 47 St_b001 31
1880 247 St_b001 13
780 106 St_b001 27
350 42 St_b001 14
1230 155 St_b001 0
2320 309 St_b001 33
1680 206 St_b001 19
2680 359 St_b001 39
1520 201 St_b001 32
2400 321 St_b001 26
1210 145 St_b001 2
2440 308 St_b001 3
2350 314 St_b001 20
740 93 St_b001 33
3060 413 St_b001 31
3060 415 St_b001 13
5120 683 St_b001 21
1900 253 St_b001 16
410 50 St_b001 27
1550 207 St_b001 32
1550 211 St_b001 31
1860 248 St_b001 11
320 40 St_b001 32
1060 148 St_b001 36
780 101 St_b001 38
2100 280 St_b001 36
5440 748 St_b001 17
3590 460 St_b001 10
1450 205 St_b001 30
400 50 St_b001 32
----END-----
   
----10 6 5 - 40  -----
2880 275 St_b001 28
5180 528 St_b001 16
4430 476 St_b001 20
3540 381 St_b001 23
520 54 St_b001 29
710 72 St_b001 16
610 60 St_b001 21
3620 387 St_b001 24
1450 168 St_b001 28
1060 112 St_b001 23
3020 323 St_b001 14
1500 161 St_b001 5
600 57 St_b001 38
530 51 St_b001 1
1930 202 St_b001 23
530 57 St_b001 1
1590 172 St_b001 31
2120 226 St_b001 30
880 103 St_b001 34
980 102 St_b001 27
540 57 St_b001 35
1650 159 St_b001 1
5600 607 St_b001 33
800 77 St_b001 26
490 51 St_b001 35
580 50 St_b001 1
2620 276 St_b001 35
1750 186 St_b001 7
540 56 St_b001 3
590 52 St_b001 28
880 68 St_b001 13
2200 220 St_b001 18
580 62 St_b001 13
1530 161 St_b001 33
580 62 St_b001 38
----END-----
   
