----8 4 7 - 40  -----
17900 3029 St_b001 14
1390 295 St_b001 31
10550 2010 St_b001 26
6200 1205 St_b001 15
4200 799 St_b001 12
9820 1875 St_b001 37
19960 3475 St_b001 1
21630 3760 St_b001 27
14400 2703 St_b001 39
16640 3146 St_b001 20
4940 937 St_b001 12
2800 575 St_b001 34
8560 1615 St_b001 22
10470 1830 St_b001 32
18080 3366 St_b001 0
4390 853 St_b001 35
5030 985 St_b001 37
8500 1675 St_b001 18
6860 1323 St_b001 33
5180 1009 St_b001 12
18140 3390 St_b001 17
5880 1115 St_b001 17
8720 1646 St_b001 22
6740 1292 St_b001 15
5210 955 St_b001 29
5500 1073 St_b001 17
4920 969 St_b001 26
1200 265 St_b001 29
11870 2242 St_b001 38
11740 2202 St_b001 14
5360 1048 St_b001 33
5810 1133 St_b001 3
3620 660 St_b001 4
6440 1252 St_b001 23
6650 1269 St_b001 9
----END-----
   
----9 5 7 - 40  -----
----9 4 8 - 40  -----
7830 879 St_b001 12
14350 1570 St_b001 32
39890 4234 St_b001 16
45540 4782 St_b001 37
11540 1259 St_b001 7
32040 3389 St_b001 6
41860 4441 St_b001 34
21070 2273 St_b001 28
16400 1767 St_b001 25
30830 3275 St_b001 30
23340 2520 St_b001 16
177870 18844 St_b001 34
21870 2339 St_b001 3
92590 9678 St_b001 21
33190 3249 St_b001 6
19550 2107 St_b001 33
6550 749 St_b001 33
73620 7692 St_b001 13
18270 1893 St_b001 33
25690 2694 St_b001 16
26390 2803 St_b001 29
74330 7280 St_b001 30
91400 9562 St_b001 6
33100 3528 St_b001 36
18130 1962 St_b001 39
35440 3744 St_b001 8
25840 2781 St_b001 25
18150 1968 St_b001 35
31520 3309 St_b001 31
65340 6978 St_b001 37
30360 3218 St_b001 10
73830 7866 St_b001 17
35210 3734 St_b001 2
134910 14022 St_b001 18
63030 6689 St_b001 17
----END-----
   
