----11 7 4 - 40  -----
80 84 St_b001 27
80 82 St_b001 23
80 80 St_b001 35
90 82 St_b001 10
120 85 St_b001 24
160 85 St_b001 34
130 78 St_b001 12
270 81 St_b001 32
180 77 St_b001 39
180 80 St_b001 16
270 76 St_b001 8
270 76 St_b001 12
210 92 St_b001 1
160 89 St_b001 17
260 90 St_b001 5
460 90 St_b001 18
450 90 St_b001 4
400 87 St_b001 37
330 91 St_b001 15
100 87 St_b001 1
170 75 St_b001 23
170 91 St_b001 19
100 93 St_b001 32
330 82 St_b001 25
320 84 St_b001 12
200 83 St_b001 14
210 96 St_b001 0
240 89 St_b001 13
200 89 St_b001 31
150 83 St_b001 22
180 87 St_b001 37
240 79 St_b001 2
440 71 St_b001 18
260 78 St_b001 31
200 79 St_b001 20
----END-----
   
