----11 7 5 - 40  -----
24820 1615 St_b001 0
21510 1413 St_b001 14
23500 1558 St_b001 25
42290 2796 St_b001 31
24660 1633 St_b001 12
13940 929 St_b001 23
9580 628 St_b001 15
39400 2456 St_b001 14
9320 609 St_b001 38
42030 2787 St_b001 29
14960 990 St_b001 7
26860 1767 St_b001 9
65060 4325 St_b001 28
43570 2890 St_b001 3
30000 1965 St_b001 0
35480 2355 St_b001 14
31840 2083 St_b001 33
24520 1617 St_b001 0
4790 330 St_b001 17
25850 1707 St_b001 32
32290 2139 St_b001 29
17880 1181 St_b001 14
5310 349 St_b001 12
39740 2625 St_b001 2
24300 1497 St_b001 14
19570 1290 St_b001 16
11550 762 St_b001 25
31500 2081 St_b001 19
33940 2250 St_b001 19
34430 2278 St_b001 15
32240 2135 St_b001 5
13590 898 St_b001 11
33050 2181 St_b001 17
31810 2083 St_b001 39
40420 2542 St_b001 32
----END-----
   
