----11 7 5 - 40  -----
6960 561 St_b001 27
4540 401 St_b001 5
6790 579 St_b001 33
6540 557 St_b001 39
5460 476 St_b001 18
1880 199 St_b001 15
2980 270 St_b001 37
6310 517 St_b001 0
5160 454 St_b001 30
6880 552 St_b001 20
4860 419 St_b001 7
6050 493 St_b001 4
4840 422 St_b001 5
4620 402 St_b001 26
3430 354 St_b001 20
5770 491 St_b001 8
4220 380 St_b001 2
4620 405 St_b001 7
4260 387 St_b001 18
6320 536 St_b001 34
6560 548 St_b001 21
4760 423 St_b001 39
5370 470 St_b001 28
6370 528 St_b001 31
5070 443 St_b001 16
11070 853 St_b001 27
5760 492 St_b001 18
3840 377 St_b001 23
6720 562 St_b001 26
6440 539 St_b001 7
5900 487 St_b001 18
8100 627 St_b001 35
7920 629 St_b001 11
9070 708 St_b001 28
5960 522 St_b001 32
----END-----
   
