----8 4 7 - 40  -----
70430 12208 St_b001 24
46270 8191 St_b001 1
54030 9587 St_b001 8
76130 13580 St_b001 17
73960 12916 St_b001 28
54350 9733 St_b001 4
85140 14952 St_b001 33
54360 9655 St_b001 9
18600 3316 St_b001 33
50070 8824 St_b001 6
83200 14860 St_b001 20
54150 9705 St_b001 19
110310 19705 St_b001 8
43510 7769 St_b001 1
10150 1818 St_b001 9
68070 12133 St_b001 20
10590 1887 St_b001 1
44930 8015 St_b001 37
16450 2914 St_b001 20
43980 7833 St_b001 37
23300 4158 St_b001 27
81600 14594 St_b001 34
48850 8741 St_b001 30
14550 2605 St_b001 19
46320 8284 St_b001 4
15490 2774 St_b001 3
79550 14197 St_b001 34
100960 17995 St_b001 19
44440 7842 St_b001 1
27310 4878 St_b001 20
49230 8813 St_b001 5
8020 1431 St_b001 15
23580 4215 St_b001 4
27060 4872 St_b001 15
22320 4048 St_b001 32
----END-----
   
----9 5 7 - 40  -----
----9 4 8 - 40  -----
546050 54865 St_b001 32
343950 34955 St_b001 9
331160 33386 St_b001 38
1061310 107464 St_b001 13
775120 78870 St_b001 8
960010 97275 St_b001 5
577010 59246 St_b001 37
Unsucceful
692530 70134 St_b001 18
242100 24406 St_b001 15
1279780 129721 St_b001 7
Unsucceful
1228900 124244 St_b001 13
43420 4393 St_b001 4
Unsucceful
1192400 119037 St_b001 38
Unsucceful
28960 2797 St_b001 3
394650 39984 St_b001 20
617330 62988 St_b001 0
47120 4772 St_b001 28
1491600 149514 St_b001 35
1727070 174779 St_b001 19
348290 34087 St_b001 9
394100 39233 St_b001 4
32810 3289 St_b001 15
1134240 114917 St_b001 10
231810 23231 St_b001 38
1417910 143604 St_b001 0
583070 58414 St_b001 12
843520 78923 St_b001 18
754850 74734 St_b001 6
1976700 201168 St_b001 29
902180 84367 St_b001 29
236010 23781 St_b001 24
----END-----
   
