----5 3 7 - 40  -----
2550 2102 St_b001 6
5720 4742 St_b001 19
3660 3041 St_b001 29
960 813 St_b001 38
5790 4733 St_b001 29
3910 3235 St_b001 2
7910 6528 St_b001 32
6980 5822 St_b001 14
8380 6997 St_b001 22
1630 1343 St_b001 11
10580 8823 St_b001 34
1130 939 St_b001 34
13690 11468 St_b001 7
7000 5874 St_b001 20
1250 1035 St_b001 30
9130 7785 St_b001 36
4940 4158 St_b001 29
2950 2456 St_b001 29
5320 4413 St_b001 26
8970 7503 St_b001 39
2700 2251 St_b001 22
3580 3044 St_b001 34
6910 5716 St_b001 9
46440 38488 St_b001 8
4920 4050 St_b001 38
3600 3001 St_b001 7
2760 2306 St_b001 35
4150 3446 St_b001 8
10430 8749 St_b001 18
5840 4919 St_b001 28
5140 4252 St_b001 30
3750 3065 St_b001 39
2120 1773 St_b001 8
2420 2096 St_b001 20
2050 1697 St_b001 36
----END-----
   
----8 4 6 - 40  -----
100 53 St_b001 16
340 113 St_b001 26
40 53 St_b001 21
100 50 St_b001 1
80 52 St_b001 2
630 172 St_b001 16
80 58 St_b001 20
100 65 St_b001 33
220 67 St_b001 2
120 60 St_b001 28
120 53 St_b001 5
90 45 St_b001 14
100 55 St_b001 24
70 52 St_b001 13
50 50 St_b001 28
100 51 St_b001 8
120 51 St_b001 0
60 49 St_b001 23
280 56 St_b001 1
210 49 St_b001 9
200 59 St_b001 7
220 61 St_b001 36
200 56 St_b001 16
240 64 St_b001 15
60 52 St_b001 18
70 44 St_b001 15
100 38 St_b001 1
160 43 St_b001 38
110 40 St_b001 22
130 43 St_b001 34
180 58 St_b001 32
180 50 St_b001 18
680 111 St_b001 20
820 174 St_b001 18
170 57 St_b001 14
130 70 St_b001 33
----END-----
   
----9 4 7 - 40  -----
640 137 St_b001 4
980 185 St_b001 9
100 76 St_b001 28
140 78 St_b001 20
910 182 St_b001 19
70 62 St_b001 35
140 66 St_b001 26
460 86 St_b001 10
130 68 St_b001 8
1540 244 St_b001 24
510 113 St_b001 29
520 117 St_b001 34
600 154 St_b001 25
540 139 St_b001 0
540 143 St_b001 25
130 57 St_b001 9
1240 231 St_b001 25
600 143 St_b001 4
530 137 St_b001 16
920 189 St_b001 29
180 71 St_b001 3
220 74 St_b001 21
1060 182 St_b001 13
660 153 St_b001 33
900 147 St_b001 4
470 131 St_b001 16
350 106 St_b001 20
1280 189 St_b001 0
590 133 St_b001 20
150 74 St_b001 27
80 67 St_b001 21
610 136 St_b001 14
670 135 St_b001 2
960 179 St_b001 38
300 76 St_b001 29
----END-----
   
----10 6 5 - 40  -----
970 179 St_b001 6
730 160 St_b001 22
380 100 St_b001 10
340 95 St_b001 2
280 85 St_b001 21
1330 199 St_b001 8
1740 266 St_b001 28
430 102 St_b001 26
1310 208 St_b001 2
220 94 St_b001 30
830 176 St_b001 15
350 125 St_b001 19
820 142 St_b001 25
860 169 St_b001 3
290 107 St_b001 35
1540 236 St_b001 31
830 162 St_b001 11
860 174 St_b001 27
560 117 St_b001 26
350 111 St_b001 14
250 97 St_b001 36
220 84 St_b001 35
290 89 St_b001 19
960 162 St_b001 13
830 168 St_b001 15
330 110 St_b001 20
230 93 St_b001 1
1010 171 St_b001 19
360 104 St_b001 31
1230 222 St_b001 38
820 175 St_b001 36
1240 203 St_b001 10
680 152 St_b001 28
160 86 St_b001 24
780 153 St_b001 16
----END-----
   
