----- 1000 queens - 40 -----
9540 466 St_b001 25
9250 432 St_b001 14
9790 472 St_b001 29
9240 451 St_b001 25
8900 465 St_b001 2
9470 483 St_b001 27
9420 475 St_b001 4
9190 487 St_b001 1
8130 463 St_b001 16
9080 454 St_b001 2
8630 436 St_b001 10
8630 442 St_b001 30
9270 466 St_b001 32
9070 475 St_b001 16
9390 464 St_b001 37
9250 466 St_b001 20
9710 468 St_b001 39
9700 499 St_b001 0
9110 485 St_b001 32
9750 452 St_b001 14
8820 451 St_b001 3
9440 466 St_b001 30
8770 458 St_b001 9
8780 460 St_b001 27
8910 472 St_b001 22
9670 467 St_b001 27
9300 449 St_b001 27
9330 463 St_b001 23
8630 468 St_b001 12
8420 458 St_b001 6
9200 465 St_b001 36
8230 442 St_b001 15
9460 484 St_b001 39
8110 472 St_b001 35
9550 460 St_b001 0
----END-----
   
