----- 1000 queens - 40 -----
9340 466 St_a000 18
8110 432 St_a000 30
8610 463 St_a000 5
9120 454 St_a000 26
8030 457 St_a000 30
9380 466 St_a000 19
8820 447 St_a000 21
7830 461 St_a000 13
8970 444 St_a000 28
9340 473 St_a000 21
9710 493 St_a000 30
9740 494 St_a000 12
9010 458 St_a000 38
8260 450 St_a000 16
9060 488 St_a000 35
8650 457 St_a000 21
9100 452 St_a000 38
8730 456 St_a000 14
8930 475 St_a000 3
8980 495 St_a000 18
8380 460 St_a000 18
7990 449 St_a000 30
8620 438 St_a000 19
8590 446 St_a000 21
8550 443 St_a000 34
9210 468 St_a000 17
9420 466 St_a000 2
8920 449 St_a000 16
8980 465 St_a000 18
8340 476 St_a000 14
9660 476 St_a000 14
9670 502 St_a000 0
8670 451 St_a000 26
8790 477 St_a000 6
8780 481 St_a000 36
8510 461 St_a000 27
8730 469 St_a000 8
7720 476 St_a000 23
----END-----
   
