----END-----
   
1660 259 St_a010 1
1560 282 St_a010 34
1530 279 St_a010 30
1450 279 St_a010 26
1650 281 St_a010 4
1580 257 St_a010 22
1630 288 St_a010 4
1610 272 St_a010 4
1410 269 St_a010 25
1570 284 St_a010 23
1530 290 St_a010 12
1400 288 St_a010 11
1580 264 St_a010 1
1580 278 St_a010 13
1490 274 St_a010 13
1410 257 St_a010 24
1760 275 St_a010 37
1620 286 St_a010 32
1520 275 St_a010 20
1460 279 St_a010 21
1530 268 St_a010 1
1600 272 St_a010 35
1410 273 St_a010 23
1680 290 St_a010 13
1660 303 St_a010 12
1540 292 St_a010 28
1720 291 St_a010 30
1530 304 St_a010 1
1380 296 St_a010 4
1660 277 St_a010 18
1420 284 St_a010 34
1640 277 St_a010 0
1500 288 St_a010 35
1420 262 St_a010 38
1510 288 St_a010 23
1410 278 St_a010 0
----END-----
   
