----END-----
   
820 249 St_a000 27
920 227 St_a000 12
900 238 St_a000 32
960 253 St_a000 31
850 241 St_a000 13
1030 252 St_a000 24
890 230 St_a000 2
870 236 St_a000 3
980 254 St_a000 31
1000 241 St_a000 11
910 221 St_a000 15
860 231 St_a000 28
1000 230 St_a000 25
750 237 St_a000 15
1200 249 St_a000 27
1220 237 St_a000 37
1200 240 St_a000 3
1240 233 St_a000 13
860 255 St_a000 18
940 227 St_a000 10
1060 234 St_a000 35
760 243 St_a000 35
1520 221 St_a000 30
1010 224 St_a000 31
940 235 St_a000 17
870 247 St_a000 35
940 231 St_a000 23
850 258 St_a000 26
1080 250 St_a000 24
980 254 St_a000 5
780 243 St_a000 28
960 224 St_a000 27
1130 228 St_a000 27
920 234 St_a000 24
1000 239 St_a000 18
----END-----
   
