----- 1000 queens - 40 -----
39340 202 St_a000 37
39290 203 St_a000 33
39690 205 St_a000 1
39640 205 St_a000 36
40260 213 St_a000 37
39230 203 St_a000 33
38460 202 St_a000 19
40640 210 St_a000 17
40680 210 St_a000 11
40140 208 St_a000 29
37900 195 St_a000 18
37980 196 St_a000 22
40290 208 St_a000 12
40480 209 St_a000 8
40730 209 St_a000 9
40100 208 St_a000 26
40590 210 St_a000 37
40170 204 St_a000 10
39320 204 St_a000 10
38870 200 St_a000 1
40240 208 St_a000 2
41440 212 St_a000 13
40010 207 St_a000 2
40640 211 St_a000 30
39970 205 St_a000 11
42440 218 St_a000 1
40130 208 St_a000 7
41000 212 St_a000 17
39260 202 St_a000 15
41250 210 St_a000 10
40760 209 St_a000 33
42000 217 St_a000 18
40780 210 St_a000 28
38900 202 St_a000 4
40440 207 St_a000 8
37040 191 St_a000 26
----END-----
   
