----- 1000 queens - 40 -----
39460 204 St_b001 3
39190 202 St_b001 31
40020 206 St_b001 19
38860 201 St_b001 32
38370 198 St_b001 27
39930 206 St_b001 25
39720 203 St_b001 37
39500 204 St_b001 25
39300 202 St_b001 2
40860 212 St_b001 16
39020 201 St_b001 11
40180 208 St_b001 15
41380 214 St_b001 34
40500 210 St_b001 6
40250 208 St_b001 36
38830 200 St_b001 28
38900 199 St_b001 22
39000 201 St_b001 10
38850 200 St_b001 31
39790 203 St_b001 11
40360 208 St_b001 35
39670 203 St_b001 24
39470 204 St_b001 14
39860 206 St_b001 31
41180 213 St_b001 23
40870 211 St_b001 27
41740 215 St_b001 11
40100 207 St_b001 34
38770 199 St_b001 31
40100 206 St_b001 6
40790 210 St_b001 13
38070 196 St_b001 15
42100 216 St_b001 12
38450 197 St_b001 4
39860 205 St_b001 30
----END-----
   
