----END-----
   
1040 243 St_a020 19
1150 222 St_a020 14
1000 226 St_a020 26
1100 221 St_a020 12
920 246 St_a020 19
1050 228 St_a020 6
1120 212 St_a020 29
1060 235 St_a020 26
980 244 St_a020 29
1010 232 St_a020 1
1030 224 St_a020 20
1040 231 St_a020 14
1190 245 St_a020 19
1140 239 St_a020 29
940 247 St_a020 26
930 224 St_a020 38
1140 238 St_a020 30
1090 225 St_a020 32
1090 245 St_a020 18
970 218 St_a020 34
1190 237 St_a020 29
1100 231 St_a020 34
990 207 St_a020 27
1120 235 St_a020 25
880 220 St_a020 17
1160 238 St_a020 39
1150 237 St_a020 35
880 228 St_a020 1
1190 244 St_a020 15
1190 244 St_a020 23
1090 252 St_a020 18
870 217 St_a020 31
870 232 St_a020 21
890 221 St_a020 22
860 233 St_a020 35
1080 252 St_a020 37
----END-----
   
