---- 1500 queens : 40  -----
33730 718 St_a000 3
33540 733 St_a000 11
33120 695 St_a000 17
32090 719 St_a000 17
31400 666 St_a000 31
33060 741 St_a000 15
33110 686 St_a000 18
30880 702 St_a000 33
31260 732 St_a000 12
32300 710 St_a000 21
29690 679 St_a000 13
38170 704 St_a000 14
33290 730 St_a000 16
31380 698 St_a000 29
29270 716 St_a000 7
28710 677 St_a000 31
33360 730 St_a000 14
39250 740 St_a000 38
29750 717 St_a000 20
31510 689 St_a000 8
30230 665 St_a000 38
32600 711 St_a000 36
30670 704 St_a000 33
30220 711 St_a000 29
27030 684 St_a000 0
29400 733 St_a000 28
31250 694 St_a000 38
31710 704 St_a000 9
32440 719 St_a000 4
32970 725 St_a000 30
32200 705 St_a000 27
34480 704 St_a000 2
30320 721 St_a000 15
30090 696 St_a000 16
26610 702 St_a000 0
----END-----
   
