----5 3 7 : 40  -----
19850 699 St_ra000 23
20630 696 St_ra000 19
18780 680 St_ra000 37
19600 703 St_ra000 39
20470 716 St_ra000 13
20040 682 St_ra000 3
20350 686 St_ra000 39
18720 702 St_ra000 23
20090 714 St_ra000 9
20930 695 St_ra000 31
20020 699 St_ra000 29
18450 693 St_ra000 27
19510 714 St_ra000 31
21510 732 St_ra000 39
19410 717 St_ra000 (thanks!) 31
18780 690 St_ra000 29
19450 708 St_ra000 1
20040 702 St_ra000 31
19070 685 St_ra000 25
18600 713 St_ra000 17
20160 701 St_ra000 31
20760 746 St_ra000 31
19070 699 St_ra000 25
21400 721 St_ra000 33
18900 710 St_ra000 21
20240 713 St_ra000 25
18930 699 St_ra000 37
18560 692 St_ra000 13
19300 697 St_ra000 7
20390 702 St_ra000 31
20680 689 St_ra000 13
20240 703 St_ra000 5
20320 740 St_ra000 29
20230 731 St_ra000 39
19920 687 St_ra000 37
20230 668 St_ra000 15
----END-----
   
